TOMORROW_API_KEY=0YBxg968MmwhDBu4CC109wIqhfAINqkA
LATITUDE=27.752308925681962
LONGITUDE=-82.71341020859509
SAFE_RADIUS_MILES=10
SAFE_TIMEOUT_MIN=30
